0.0949830636382103
0.054437633603811264
0.054071325808763504
0.05375507473945618
0.053497735410928726
0.05332773178815842
0.05323297157883644
0.053181618452072144
0.053151994943618774
0.05313326418399811
0.05312043055891991
0.053111087530851364
0.05310393497347832
0.05309822037816048
0.053093574941158295
0.05308964103460312
0.0530862919986248
0.05308346450328827
0.05308104678988457
0.05307898297905922
0.053077295422554016
0.053075797855854034
0.053074561059474945
0.053073521703481674
0.053072739392519
0.05307214334607124
0.05307161435484886
0.05307120457291603
0.053070906549692154
0.053070634603500366
0.05307043343782425
0.053070276975631714
0.05307013913989067
0.053070034831762314
0.05306996405124664
0.05306990444660187
0.053069863468408585
0.053069818764925
0.053069788962602615
0.05306974798440933
0.05306972935795784
0.053069718182086945
0.05306967720389366
0.05306968837976456
0.053069666028022766
0.05306967720389366
0.053069666028022766
0.05306965857744217
0.053069643676280975
0.05306965857744217
0.05306962504982948
0.05306965485215187
0.05306963622570038
0.053069647401571274
0.05306962877511978
0.053069666028022766
0.05306962877511978
0.053069621324539185
0.053069647401571274
0.053069621324539185
0.053069643676280975
0.05306965485215187
0.05306963622570038
0.05306963250041008
0.05306963622570038
0.05306963622570038
0.05306962877511978
0.05306962877511978
0.05306965112686157
0.053069643676280975
0.05306963995099068
0.05306963995099068
0.053069666028022766
0.05306965485215187
0.05306963250041008
0.05306963250041008
0.05306963250041008
0.053069647401571274
0.05306963250041008
0.053069643676280975
0.053069643676280975
0.05306962877511978
0.05306963250041008
0.05306963622570038
0.05306965112686157
0.053069647401571274
0.053069621324539185
0.05306965485215187
0.053069643676280975
0.05306963995099068
0.05306963622570038
0.05306963622570038
0.053069617599248886
0.05306962504982948
0.05306962877511978
0.0530695915222168
0.05269079655408859
0.05087169259786606
0.05073387175798416
0.050644248723983765
0.05013113096356392
0.05001847818493843
0.0499730221927166
0.0499533973634243
0.049943145364522934
0.04993601515889168
0.04993085190653801
0.04992684721946716
0.04992327839136124
0.049920111894607544
0.04991740360856056
0.04991478472948074
0.04991229251027107
0.0499102883040905
0.04990820959210396
0.049906183034181595
0.04990411549806595
0.0498996376991272
0.049614015966653824
0.047521404922008514
0.047097016125917435
0.0470515638589859
0.04695988446474075
0.04692530632019043
0.04690655320882797
0.04689015448093414
0.046877115964889526
0.04686688259243965
0.04685528576374054
0.04684485122561455
0.04683700203895569
0.045137062668800354
0.04483037814497948
0.044789038598537445
0.04476577788591385
0.044751234352588654
0.04473482072353363
0.04472241550683975
0.04471186175942421
0.044697653502225876
0.044683102518320084
0.04467124491930008
0.04466164857149124
0.04464847967028618
0.04463379457592964
0.04461729899048805
0.04459965229034424
0.04458141326904297
0.04455393925309181
0.04450927674770355
0.04445596784353256
0.044343251734972
0.044137753546237946
0.043985433876514435
0.04389157146215439
0.04383094236254692
0.04385961592197418
0.0438382551074028
0.04377763345837593
0.04375399649143219
0.04373696446418762
0.043723687529563904
0.043712396174669266
0.043703705072402954
0.043694086372852325
0.043685682117938995
0.04367778077721596
0.043671149760484695
0.043664686381816864
0.0436575785279274
0.04365343227982521
0.04364679753780365
0.04364214465022087
0.04363685101270676
0.043632835149765015
0.04362814873456955
0.043625108897686005
0.043619971722364426
0.043616361916065216
0.04361401125788689
0.04360999912023544
0.043606605380773544
0.043605536222457886
0.04360159486532211
0.04359862208366394
0.04359610006213188
0.043594278395175934
0.043592147529125214
0.043590057641267776
0.043587613850831985
0.04358576983213425
0.043583281338214874
0.04358265921473503
0.04358021914958954
0.04357859864830971
0.04357747361063957
0.04357554391026497
0.04357413947582245
0.043572377413511276
0.04357094690203667
0.04356957599520683
0.043568067252635956
0.04356715455651283
0.04356525465846062
0.04356449097394943
0.043562766164541245
0.04356260597705841
0.04356076568365097
0.043559592217206955
0.04355885833501816
0.04355750232934952
0.043556369841098785
0.04355558753013611
0.043554022908210754
0.043552715331315994
0.04355180263519287
0.043551523238420486
0.04354971647262573
0.043547920882701874
0.043547362089157104
0.043545980006456375
0.04354434087872505
0.04354269802570343
0.04354136064648628
0.043539587408304214
0.04353761300444603
0.0435359962284565
0.04353354126214981
0.043530724942684174
0.04352764040231705
0.04352438077330589
0.04351965710520744
0.0435209758579731
0.043507300317287445
0.04349624738097191
0.043489038944244385
0.043476782739162445
0.04346415773034096
0.043451350182294846
0.04343622177839279
0.043432071805000305
0.04341065511107445
0.043397944420576096
0.0433875173330307
0.04338016360998154
0.043371278792619705
0.04335784167051315
0.04335807263851166
0.04334641620516777
0.043328363448381424
0.04332106560468674
0.04331004619598389
0.0433000847697258
0.04329106584191322
0.043277058750391006
0.043267540633678436
0.04325331002473831
0.04324262589216232
0.043245527893304825
0.043225958943367004
0.04320400208234787
0.04319145902991295
0.043177470564842224
0.04316285252571106
0.04315512627363205
0.04313891381025314
0.043128933757543564
0.04311814159154892
0.04310682788491249
0.043089743703603745
0.04307547211647034
0.043066658079624176
0.04305052384734154
0.04305683448910713
0.043020687997341156
0.04301726073026657
0.04300369694828987
0.04298931360244751
0.042984675616025925
0.04297877475619316
0.04294459894299507
0.04294561967253685
0.04292171448469162
0.042899735271930695
0.04290115833282471
0.0428757406771183
0.04285125806927681
0.04284730926156044
0.0428270660340786
0.04280785843729973
0.0427900031208992
0.042762719094753265
0.042747098952531815
0.042725060135126114
0.04271167144179344
0.04273378849029541
0.04268858581781387
0.04279549419879913
0.04266120865941048
0.042652830481529236
0.042624905705451965
0.042620304971933365
0.04261837899684906
0.0426042377948761
0.04260314255952835
0.04260774701833725
0.04257305711507797
0.042559415102005005
0.04254879802465439
0.04254043847322464
0.04254169017076492
0.042533740401268005
0.04251153767108917
0.04251720756292343
0.042498257011175156
0.04249878600239754
0.04247996211051941
0.042481277137994766
0.042473189532756805
0.04246533662080765
0.042451485991477966
0.042467471212148666
0.04247233644127846
0.04247128963470459
0.04249139875173569
0.042441826313734055
0.042416349053382874
0.04239899665117264
0.042398110032081604
0.0424027182161808
0.04240371659398079
0.042380332946777344
0.04236549139022827
0.042570240795612335
0.04240956902503967
0.04237785190343857
0.04238541051745415
0.042375411838293076
0.04234374314546585
0.04233289137482643
0.04232683777809143
0.042327165603637695
0.04232089966535568
0.04230906441807747
0.04233742877840996
0.04230475053191185
0.0422847680747509
0.04228363558650017
0.042304109781980515
0.04242391884326935
0.04227885231375694
0.042271338403224945
0.04225065931677818
0.04224827140569687
0.042240116745233536
0.042246636003255844
0.04226481914520264
0.042233023792505264
0.0422511100769043
0.0422239750623703
0.04221899434924126
0.04220132529735565
0.04219869524240494
0.042190924286842346
0.04219301789999008
0.042193539440631866
0.042174726724624634
0.04216684401035309
0.042166873812675476
0.04218549653887749
0.042165108025074005
0.04216587543487549
0.04215012863278389
0.042153678834438324
0.04212922975420952
0.042128052562475204
0.042133115231990814
0.042151402682065964
0.0421394519507885
0.04212040454149246
0.04211247339844704
0.04210975766181946
0.042107146233320236
0.04209927096962929
0.042095836251974106
0.04208622872829437
0.04208565503358841
0.042089127004146576
0.04218464344739914
0.04208336025476456
0.042077623307704926
0.04207746312022209
0.04208087548613548
0.04206936061382294
0.042059678584337234
0.0420689694583416
0.042045243084430695
0.042082350701093674
0.042058803141117096
0.04206566512584686
0.04204447194933891
0.04204651340842247
0.04203542694449425
0.04202816262841225
0.04206555709242821
0.042074088007211685
0.04202887415885925
0.04203343763947487
0.04202864319086075
0.04201338812708855
0.04200785979628563
0.042013805359601974
0.04216257110238075
0.04208539426326752
0.04204285889863968
0.04204384610056877
0.042009059339761734
0.04200047254562378
0.04200608283281326
0.04199710860848427
0.04200921952724457
0.04201587662100792
0.04202501103281975
0.042038291692733765
0.04200490936636925
0.04199105501174927
0.04199729859828949
0.04198691248893738
0.0419795848429203
0.04198364540934563
0.04198874533176422
0.041976556181907654
0.041977159678936005
0.04199349507689476
0.04197771102190018
0.04197452962398529
0.04198656603693962
0.04196042940020561
0.042000845074653625
0.041958827525377274
0.04195423796772957
0.04195619374513626
0.041956305503845215
0.04194537177681923
0.04195462912321091
0.0419505275785923
0.041957058012485504
0.04195120185613632
0.04194711521267891
0.041954442858695984
0.041936229914426804
0.041939929127693176
0.04193293675780296
0.04192984104156494
0.0419418103992939
0.04195642098784447
0.04193143919110298
0.041922710835933685
0.04194099083542824
0.04193798080086708
0.04193046689033508
0.04192410036921501
0.04191824793815613
0.04221544414758682
0.04199923202395439
0.04193435609340668
0.0419287271797657
0.04191489890217781
0.041919682174921036
0.041919149458408356
0.041921887546777725
0.04192289337515831
0.0419013649225235
0.04191267862915993
0.04190604016184807
0.041957516223192215
0.04190733656287193
0.04190128296613693
0.041899800300598145
0.04189453274011612
0.04190907999873161
0.04189307242631912
0.04190526902675629
0.04189298674464226
0.041900843381881714
0.04191220924258232
0.041936032474040985
0.041894301772117615
0.041885409504175186
0.041884347796440125
0.0418914295732975
0.041886765509843826
0.04188099503517151
0.041926465928554535
0.041950564831495285
0.041881147772073746
0.04187760502099991
0.04188651219010353
0.04187900573015213
0.041886672377586365
0.04187396168708801
0.0418877899646759
0.041876811534166336
0.04187217354774475
0.04188663884997368
0.041867420077323914
0.041871652007102966
0.04190479964017868
0.04187602922320366
0.04189612343907356
0.04186548292636871
0.041861601173877716
0.041880905628204346
0.0418565534055233
0.041854869574308395
0.04185139387845993
0.04185225069522858
0.04185747727751732
0.04185919463634491
0.0418543703854084
0.04186967760324478
0.04185186326503754
0.04186141863465309
0.041863489896059036
0.04184827581048012
0.041865382343530655
0.04188002645969391
0.04188534617424011
0.04184481129050255
0.04184073954820633
0.041842684149742126
0.04183805733919144

